timeStamp,elapsed,label,responseCode,responseMessage,threadName,dataType,success,failureMessage,bytes,sentBytes,grpThreads,allThreads,URL,Latency,IdleTime,Connect
1673797996568,175,GET request,200,OK,Thread Group 1-1,text,false,"The operation lasted too long: It took 175 milliseconds, but should not have lasted longer than 150 milliseconds.",1326,137,1,1,https://jsonplaceholder.typicode.com/posts/1,173,0,154
1673797996746,228,POST request,201,Created,Thread Group 1-1,text,true,,1134,1704,1,1,http://jsonplaceholder.typicode.com/posts,227,0,11
1673797996975,202,PUT request,200,OK,Thread Group 1-1,text,true,,1001,220,1,1,http://jsonplaceholder.typicode.com/posts/1,202,0,0
1673797997178,201,PATCH request,200,OK,Thread Group 1-1,text,true,,1287,222,1,1,http://jsonplaceholder.typicode.com/posts/1,201,0,0
1673797997381,201,DELETE request,200,OK,Thread Group 1-1,text,true,,999,223,1,1,http://jsonplaceholder.typicode.com/posts/1,201,0,0
1673797997583,20,GET request,200,OK,Thread Group 1-1,text,true,,1326,137,1,1,https://jsonplaceholder.typicode.com/posts/1,20,0,0
1673797997604,203,POST request,201,Created,Thread Group 1-1,text,true,,1138,1704,1,1,http://jsonplaceholder.typicode.com/posts,202,0,0
1673797997808,203,PUT request,200,OK,Thread Group 1-1,text,true,,1000,220,1,1,http://jsonplaceholder.typicode.com/posts/1,203,0,0
1673797998013,204,PATCH request,200,OK,Thread Group 1-1,text,true,,1291,222,1,1,http://jsonplaceholder.typicode.com/posts/1,204,0,0
1673797998218,201,DELETE request,200,OK,Thread Group 1-1,text,true,,997,223,1,1,http://jsonplaceholder.typicode.com/posts/1,201,0,0
1673797998420,18,GET request,200,OK,Thread Group 1-1,text,true,,1322,137,1,1,https://jsonplaceholder.typicode.com/posts/1,18,0,0
1673797998438,199,POST request,201,Created,Thread Group 1-1,text,true,,1136,1704,1,1,http://jsonplaceholder.typicode.com/posts,199,0,0
1673797998638,205,PUT request,200,OK,Thread Group 1-1,text,true,,1011,220,1,1,http://jsonplaceholder.typicode.com/posts/1,205,0,0
1673797998844,202,PATCH request,200,OK,Thread Group 1-1,text,true,,1297,222,1,1,http://jsonplaceholder.typicode.com/posts/1,202,0,0
1673797999047,202,DELETE request,200,OK,Thread Group 1-1,text,true,,997,223,1,1,http://jsonplaceholder.typicode.com/posts/1,202,0,0
